!01101001010011001010010110111110
01101001010001101011110000000010
01101101110111001110010111111110
00101101110000110111110101001010
11101101010111011111110101111000
00101001000000111011010111101010
10000011111111001000000010111010
00100000011110111010111110000000
10000011110011111010100110111110
01101111111100001000001010101100
11111000010000100010100010101000
00001110111010101010110010101110
10101000001010101000010110111010
00101011000010101010000000001100
11101111010010000000100110111101
00110001010011101101100000010101
11001111101110001101000110110010
00111000000010101111100010100010
00101011111110101010111110101011
01101000001010000000011011101111
00101000110010011011111010000000
01111000000110111010000000000101
01000000011010111011110000010100
00001000001000000001101011110111
11010100111010111011101010110101
10010111000010001110111110110101
11110101110110101110000101000111
11111001010111100011010001110001
10000000010000001111011111010111
11110101000100000101101011010101
00010101110111010000101011001101
01100111001001000000101010100111
-
10101001011110110101010010001110
10100011010100110001010011101010
00100001110111011111111000101010
11111110001110000010101000001010
00000001100010110000101110111010
11111101011110001000111010101011
01010101110100000000101011100001
11000000110100011010100000000000
10011101110101001011101111100001
00001101110101000010101100011011
10111101100100000010000111011110
10001101101111100010111101010100
10101101100110111110111101010010
11100101000110000000000010100111
00001100000000011011111110111100
11110101111110101010111001100111
00100001000000101011001101101000
00111101111110101011110000101110
01000101011110111010001111100110
11111101000000000001111010010110
00000101011110110111011010100101
11111101010010100010101010000101
00010101011111101111101010000111
10110111010100111101110100110010
00001111010110000101000101001010
11101001011110111011110101101000
00111111011010101010000111101111
11100101010000101011101111111101
01111101011010101110000000000101
01000001001010000010001111111011
01010010111000101011010101101010
10001010000000010001010100101010
/
0,0,0,0-1,2,12,3
2,29,4,0-0,0,0,0
1,29,2,0-2,14,16,3
2,8,16,0-3,0,8,2
1,12,20,1-2,22,15,1
2,9,6,1-1,8,30,0
3,26,13,1-2,12,11,1
3,13,9,3-1,24,2,0
$
